284841548
469043852
231665693
475597246
381055403
267059734
545571631
646133964
550794120
469047112
438299676
570798038
444550944
258920740
166135992
484854826
574170857
273617196
240565070
30781872
643897111
340105522
670850539
467410922
240249297
257495879
488247663
300624957
172820380
217379837
678331557
407727352
259222139
247804275
228792261
637122476
375256631
407720498
488247835
296186172
244741588
174125333
484851848
188504122
405908777
575949976
296477837
59193199
598615025
606439765
2317582106
338665393
326338918
497653164
475379064
469048916
534624443
485828555
626199150
587444549
484849643
547219130
640044426
666900053
308039899
632619750
230696915
305499078
671494371
6744744385
374358384
40831045
155067447
499784271
484851462
516800351
174981358
641948374
578522216
407001939
295584788
500008128
184534965
407719614
542534158
456990269
407727220
273645011
197010385
640861967
174966707
535014730
472948959
581427243
643436329
407723249
224226253
522369904
212830922
491876937
484403128
438036832
559193065
626966956
506095959
576733709
484856350
270877069
605782316
526777248
669770304
602804995
541489955
484855549
135382627
510521001
407727365
436691407
535517178
541958285
666539332
561966347
473448427
676388662
656906298
405908988
498568017
585235883
493626635
493626438
522843837
589901252
407720026
503828960
602917572
234224752
545576955
597720507
333951907
298635569
231102629
188503784
191807908
283060467
306972596
481458260
283062914
593929224
443619337
574191412
673997141
639373936
512941407
574157018
319224802
554297937
407726400
172510632
364404739
472972271
407721605
677462588
579570796
484404259
264685703
413095994
520381888
488354284
254227499
242212313
465308053
579051249
484853441
540109838
560091069
265870660
273660769
230696870
484856445
523745835
347900783
535505862
662105413
663356663
484146737
478695514
437586958
618613546
630741298
407721926
462798707
239399909
606707682
305431036
648014258
660815197
275786585
475596590
248024894
538288859
669763197
407721566
283063485
626208057
643535034
503911067
607432652
484407600
443611154
510064102
545572706
405909967
595734770
569829070
594155957
484851423
588068685
602300869
641580221
231039434
606425966
535511401
593152772
6408158926
185105489
641885044
620637832
6186059125
519183465
405910599
252421880
637702110
595737712
236873057
596523420
261148707
643467834
561962468
515273842
464248731
564372340
264680310
658783061
646135289
515529052
306358215
513199941
511904561
554298038
225454509
666563308
612691021
367379926
484854792
273658413
332394543
407720564
585709927
173835968
638862664
610662569
283062264
487815469
511714261
490543191
173265599
677415708
405906798
266349258
484407758
596099990
443521662
363160368
579540774
490484891
413095908
626217596
561622513
281060813
250649702
666788985
607766825
439722730
522368115
562450638
618665997
268190865
673997935
459485217
547363319
484856550
340548924
263514989
618099364
503829074
637829560
484925468
668393361
537685322
605782209
324138452
563217918
539899950
585784921
574157320
587365306
407723342
230849796
484849167
479093448
254739669
554297784
148822361
513200564
528408776
574162132
327384584
477640436
464882431
543469742
639404460
578437971
175302577
560089786
223310397
610663089
422087513
482022183
174519953
407724800
171559982
632534783
403167740
478612878
252421544
484848558
484513766
596515624
389959183
646119879
469044172
674600463
226565245
238340952
496431659
626586318
304528680
575061488
155029769
484854862
243582546
484853795
572866538
593521565
506096093
304275283
630641044
407721589
581850097
618126828
523220963
520818718
178562964
522843908
484852646
641513677
554197167
667116303
637033407
521538042
469048934
574003729
484848500
617073861
626198970
37236201
397459709
217056182
471816533
178470646
243556598
228377488
593932823
615558912
271759106
641948259
614851553
375079731
524339414
184376025
598995435
242927288
669508378
556383653
592637525
405907731
639405100
264683361
517467114
460861107
497468174
510828901
647171607
247566622
298255028
622531598
205159297
496436230
407719790
225394579
604473679
225395903
596524080
378607791
670844502
639428588
223827471
174122205
558671136
504351005
283062075
268196548
281060468
554280875
642721637
514183089
489101213
437954046
626184458
606440244
149244951
606447906
663506261
530305375
212830255
503898747
407724976
647375324
185350022
244741371
405908734
634427956
579145349
484375420
600025233
427814065
178570103
670840904
484977304
583134444
574160564
257654619
611795711
35511366
670806466
482255254
573275995
491522822
596507053
677447529
407719667
251446883
583842623
469043632
416311581
524934638
298074730
274981073
520155019
605782512
677658657
513200383
475736009
335596996
273644297
507209191
427953357
478692008
266179649
298239557
298809816
317165104
289986794
578423107
503663445
469043665
407719777
602301167
172541683
494902575
520382286
484848637
405907909
270879424
531797878
562806962
539892058
231475940
530351425
4848485586
509222065
514514540
37255002
630714775
639456390
610664084
405908592
263280131
212829068
248725911
173217041
673889001
545577754
95734654
593954296
189231625
231047199
507192844
563218507
251138865
648443584
640820466
234703470
502218704
427838742
237049168
407724593
564119509
492673609
275789091
596504264
259770731
264985322
281164593
564119717
407720148
523747055
405908448
542570764
245153019
373374544
212830029
558886578
185657901
481378161
572359687
563242532
496103514
600795897
580837805
677461418
574157276
574192244
487878310
573796986
621217175
579048226
617152940
595735453
593955020
640815455
405907937
517446736
33658701
288399707
443619232
267787995
2660301225
05908642
542371009
405909142
250831757
382541368
498591730
550801737
641923323
568267795
530081503
554297826
342329398
152037989
514269298
566953698
545577763
405908268
228377802
6418837742
472109540
503824352
281060448
523026278
507263907
387116308
484406241
470123957
569768024
592513829
576044753
390502699
469073697
589311951
608453955
230810749
268882367
4077196903
296477783
212827665
284738107
279168896
469049082
611221073
390502979
539968764
238340986
69045182
298074808
405911058
574805199
624708887
618611757
510035758
309794071
519365164
281060789
256098531
500844378
286064663
639433010
173835958
602028310
273604407
208238043
19365164
405911280
608810527
637906166
407727196
496436187
171560954
522206390
639458831
606440731
577727942
244103459
306355405
606441657
305534388
405908239
484407327
510407368
620637533
653169400
579181800
484853920
670829117
517347361
303925860
519484086
405908120
632146938
409522562
554298002
550229280
229226929
212830822
185342024
579481532
232200983
532884242
596712208
628209811
583908727
405909603
545577173
405906093
555052282
384683700
569580318
672774225
311135513
271859197
589725880
578423003
484856522
407720525
233535823
669729308
180700982
249272240
521538365
363561783
261584414
3616746096
495785934
254221640
635370431
240249666
178565135
613475847
545580278
469045081
469049099
644589307
588435023
670841725
615405965
484852529
598883499
546082225
344020077
666895120
251526852
598148575
510100731
283062927
674212859
620980895
483356173
641905765
405907907
223827558
327439889
623293194
601014258
630657868
170594392
405911697
554297075
244741733
356264965
478820874
534622660
639681740
501456585
369727189
409523444
533105099
356189747
252927364
525321990
636911592
597938893
531189234
469048929
2128305304
378234698
225414947
258881446
407720058
405908660
191807917
405910585
503901934
223827432
476947227
641868813
273620870
536389045
238340911
605204033
656216010
503779759
540109014
606441652
223338248
610664074
570553591
637907068
464175540
637029101
669726086
152036266
539891888
405908297
484855423
270546198
573300550
589513477
626118824
554297197
502267081
477874034
662101774
232945250
407725026
540431782
273820118
283062775
484849807
05906798
559823124
491644094
635823828
464846183
588630686
494905986
583006148
380288153
269100702
527434804
407725582
197009080
349585080
484405606
267363092
639436100
407720466
558826251
275683976
407721052
308200271
286039737
536129624
180101909
662100658
283336347
276483909
257067661
291998798
484851826
405910042
409399609
196953361
562775712
653174368
146650767
276237604
170417771
519474847
490461670
610663105
652863079
613861274
238340989
500188594
496270305
496436064
606441672
605990478
459602393
267062803
483945807
611044706
500213505
559568482
478691720
504652821
571158160
407724946
632617428
606421029
634011558
191807947
595738515
503846638
225999775
551478296
639436120
643444721
276824157
163178365
641885049
508392396
607028749
519484820
666527032
561103700
227211561
225397124
407721278
181877711
282561065
661883965
508749806
664325992
487772683
172407990
536089891
3616746093
283061663
556015986
632609208
677377049
578491922
644766536
678709582
405910614
643634455
173197492
664101202
636715170
605778988
668398904
601532914
364173336
608972226
500188531
656218149
498720265
163290216
603713023
614898010
443620183
504449749
578522519
231758210
667464680
238354589
363156413
288992524
152107538
261346978
296182753
572632326
494926048
662105621
437585547
250059279
579398937
488247819
470255144
307664390
273645171
646996478
267329783
602300878
353964261
188503944
613598957
308068292
489166694
603964622
320012530
407726855
267330368
256670660
166781829
267089586
554297682
522797422
662097653
269080702
154591449
479114581
304487257
177053754
324616232
674211597
171560301
664086384
407726936
494923025
263068006
405907928
677685610
573261008
241555475
596555395
302746997
484400691
227211613
595741059
486856386
225394110
375651362
269019867
663425806
488354202
674534038
169620572
484511186
561984164
232198209
605242148
648229358
271858059
405910299
36521507
360780420
484856301
545581479
541489448
558029223
540105568
295720120
185428306
405908411
538279125
309444855
148826081
593951919
537946218
641252783
236896607
469047515
662094204
484145942
626250532
527597443
371628216
669903591
225395141
253646317
545576629
545579536
267936655
459706974
269013674
583147815
191032000
658324074
496933663
484402109
522844027
640846018
539898436
521110273
405908347
290815132
405910923
524937032
249305311
218332031
365886474
224320365
605739038
648963424
469047908
561757253
273601343
407720294
495852720
618486908
605427173
229067327
202408449
640817117
511851686
540085571
271859501
522051736
166140606
662102271
364737786
250039421
605939890
605803467
643803388
587444889
607937384
472461522
497007333
677473898
163178363
512936104
405910092
563207084
237049027
223673082
6418837745
152036221
557478605
620823968
286050277
607027299
407722642
469043412
308189184
533767316
244116316
241816764
636994998
662104304
223309807
512143168
338639264
163286917
606441690
407721471
516197767
539891918
519364602
422087521
605250298
675983254
405910724
54297814
513200054
148826074
652143522
371630620
181883589
484404470
646737829
606648588
596520899
469045852
498799102
318484459
246018066
677369430
610662443
547120460
407726830
562538025
535517226
273616845
225520556
573229593
523750519
675848699
225395909
484619559
172819967
225210349
405909310
415355660
1755102963
600712674
78820874
662108376
585212654
407724576
244993492
561102487
173834560
503811846
625247821
254607975
677757303
494916469
641948331
199439440
554298142
469048045
149484428
592487006
405909935
173423510
411758145
618099834
665849246
677462645
669767049
473030019
482214035
555048150
186573271
484853759
662107035
536957636
281060757
266281383
469700584
171569172
529919290
498476103
573229764
405908364
593044268
492302057
595734175
463743557
469046290
171569203
630645546
502171258
12827772
673920643
283060905
274981198
643467752
4848548264
212830031
217057644
386672134
457416212
554298072
640817926
289987031
642967946
579094984
593168728
229703585
606432976
485729712
614854329
520858282
524887043
251265491
498777549
484848540
222649863
267393005
559154431
584652564
498476132
496270327
613849165
264680708
307047773
582552656
521538779
490961791
405907933
469045067
595736356
563238139
592504882
61883965
344786479
218501512
494922197
154591589
265161468
538335831
285507898
626247875
513201324
232841523
494678196
179059850
469043663
284954416
597544456
407726416
662105627
272795671
291567304
211091451
640819365
587444471
550524475
439722797
462673365
503777509
174339304
42229887
597912164
557668758
473448410
277519577
641899608
340361753
601014252
467072461
660880475
349585018
236880106
224920503
259841823
576706954
146651078
556065925
597597247
173835966
538285795
469043297
196795923
657644410
212831085
362330365
492610693
610662486
258917205
484855099
620483492
541635556
463247565
496254791
460584614
536985293
328577801
300632792
484849151
677475089
543786893
405910096
610662571
626252925
587444495
286040350
502170849
612317396
562889066
560634681
185436920
241342539
579824304
593065788
367289471
229951281
281059936
469043660
484854037
599843381
405909854
592513632
589351436
540103310
498594714
264679697
639459682
469726388
541394770
494900099
254076380
524351637
663183236
562775092
220664602
484406289
595732997
405910360
657560962
561350148
273629731
553758151
444515683
596496802
152035876
662108362
443617884
545576993
275221868
557464063
559692497
550229726
251503782
643183191
556043436
582555259
551000482
554297873
407726039
205312546
95741562
251083806
405909475
484672964
252061833
135586970
242927103
515528875
563217242
640917886
407722395
643897045
513072555
519419760
241773832
305950240
371665981
299220377
229487722
484684589
484851220
469042029
545572687
525050535
405908036
593956605
254061619
257654593
478689102
484853972
283060901
405909887
601864014
519372532
246462088
172541671
583991929
464178293
677757349
583103692
351914288
611807216
573229876
443612869
630653311
661761747
257496911
522113447
631221714
670833148
349770417
507253387
592648414
484846520
175122111
554298092
323893317
229346671
393320227
669733568
584736547
238912485
641100744
593956475
479976571
1790598503
283061968
599691637
664377961
484407220
212830615
571339704
596515650
141978358
597795699
98777549
566572691
265745490
484848664
583212164
273653215
586065876
297716872
662106818
251138728
612224598
37260201
620479739
238289180
504236785
154591408
669516308
669666114
478695793
536668691
36986301
363561862
405909541
197010425
633507219
181528868
574164050
246018111
479259367
614987000
609792148
588574661
259226661
152036004
231053887
49305311
261587784
36521504
548845519
282561228
640841775
371635259
241772274
646508882
588265464
578490829
605799700
560625973
521540788
626129967
2830619635
323798084
568267664
593951273
486906536
405910740
451678179
224865327
479259368
573302177
595729686
2830648054
338641872
668266655
277390917
557451853
607153016
522051780
634427477
563208148
301607070
249272194
665839403
407724891
500936676
603550054
563226332
479114512
663672595
229075541
545578387
194131894
639425296
358540321
258862570
543786874
523025372
407098563
301593945
465320153
430851066
513203596
280776559
227172260
493839902
515516120
667114927
537874781
671252447
278095182
660096964
262666906
636985966
661950727
662106807
469048807
46119879
504676862
640831045
343849244
245174367
623950052
181883591
185466608
271857864
479122258
469047761
585647882
547542684
273661420
643052429
469047984
271021199
172541681
549887388
367370559
405892215
244283928
407727253
583864361
163291374
540109078
182710197
225396607
528361729
500188492
212829026
598312108
498552422
605807537
407037789
669742258
407727335
326339549
469042957
467077066
637670388
664386538
292637204
485018785
197119012
492616115
545578230
648848414
295585048
251266460
573239677
407726737
490576510
677433190
633614620
223694738
5191759273
484850899
467486933
405911621
620472757
343218122
513200568
479114216
519071486
407724705
586299152
593951402
231122932
405908024
676079987
519184106
135586973
407727052
212830585
572866623
478456116
498059054
469042828
469046723
416354112
188720095
646943578
391271470
305432897
536727190
484847496
484854127
513200024
241518382
163179205
273659925
652123401
488354290
497642137
240107474
407726767
469047444
212830860
297716386
616465633
531464348
409398102
405908751
511446699
524349553
539891956
506229175
635240058
488251664
443619384
545576663
301772134
484039035
484403950
173197342
212830609
525047482
646134148
662109854
184542242
524339469
658720206
539892146
596491526
522844168
456995005
585735739
241510823
470123930
443621596
595737235
626237871
610662043
563223981
472100672
664331306
501018331
634427417
273600805
466970454
601014244
382836046
348425975
407721727
555516495
429038361
237753030
636461814
364743280
212828191
610663286
641948319
405907918
484855148
177607639
674827204
546634720
588321593
541387740
434733220
605869901
580501421
163289950
484849213
593694765
225397821
208256251
639737389
484808142
519204518
531767783
475734780
257028461
464212915
598306119
598306126
642871411
173835977
600697508
244091198
303758620
546350310
405908432
593931094
469047304
573203687
290821961
360780586
241018501
529921158
670805252
605740150
405908511
643588919
394496030
300621711
217057574
573203532
675545075
08833883
503741950
542570140
397459718
594854735
601771446
166140672
194131510
525855112
163291453
523220832
212827538
513200986
672525862
630781307
626526039
668198158
338664165
606570121
469043658
522369454
543521875
545579998
572678083
150357781
605774890
254491842
270121062
439413989
605803028
559866824
604102031
479260223
534622593
526803030
484849298
405909888
504341968
563229659
282734315
620019267
405910662
536371717
653361360
364771546
405908389
405909008
594982228
574153729
641697479
269094912
552174716
484850482
484852765
665848974
224733318
592108825
616359074
352726684
602668992
286064849
337634966
407725488
664777581
477639514
573001204
485019868
618623499
675493525
415103093
501010816
572234682
370808269
5975972474
597678578
469047547
298074761
492700636
342054588
276371264
349585025
324854714
636722288
664096270
16532096
230810659
405909375
484402625
579460265
585664237
175510296
562435120
507161878
545572742
661054824
539939172
533428489
610874825
223673388
312996737
628209793
415123282
529321508
413105265
247617201
469047458
574148336
514516146
513138003
484924561
323798544
304578504
583558887
525321707
267765465
646134843
574175011
585472796
288533191
309267574
479630063
554297993
498040727
229368135
489672063
484854892
656699326
545573557
471785000
494920428
488355351
539892094
271711702
600840180
545578555
357392567
184542207
640817109
497489069
484146406
05613333
405908645
484853901
407723766
674534029
469043668
492162770
460645464
507277358
630781872
496019965
405908981
484670727
498476175
502835502
247617146
267059696
545570671
275786556
523220657
383931533
305428437
645237579
297033978
468673560
229951233
615934694
274349821
405910122
230699233
94982228
597603620
617002912
563635223
302055756
560898514
537654051
513200412
523747617
249272087
593952415
460724435
637829714
296591530
574163623
171559987
497647363
258981407
504311228
676213765
601014285
283063395
677399550
636715164
644359797
212827646
212827796
657644413
271209922
405910851
531411720
407723300
291972860
652080755
554298030
502170913
278357902
522843933
154885186
574167903
469042959
226638998
662097907
311228081
405910849
576627488
269098512
551609823
611596445
422115324
407719629
184177593
677462531
471733319
427956151
663116438
484671378
593952999
675493868
6418837743
245913149
405908547
535509180
503013266
36977703
523746984
369613223
469049100
405909925
238912731
282539619
484851791
324628380
251451647
512936269
425578386
273614258
344649711
367370570
496270393
427919686
674517532
523754366
484407538
152046167
405908997
286094930
326339471
538893216
271858213
256099521
407725696
407723515
349704736
231474897
371666056
181529790
602300689
573300416
479961995
182710270
540083500
677459558
407720932
529320391
172541674
568472698
407719961
541393412
647390183
613862710
568879787
308465599
542906800
273629965
404958652
597567809
632620805
268880711
606420918
587924759
578506938
571160464
560023067
668268666
678709918
149345008
407726765
349769516
553068421
600713352
461900864
602941186
528112469
591445157
519180859
484848692
375055675
513923785
640072650
177054627
482165499
490541266
587727819
171511993
576641006
321287209
578228740
541420022
600011344
652994343
591455177
559166014
464882492
6773620255
257545444
451026887
483943720
296788723
670828546
485106347
405910797
487130734
223827514
642474912
422340766
547426132
185342019
225675252
204154729
545572752
244741585
668113932
227766119
484404350
520379673
242722363
435990948
644861243
662185975
292638973
154885671
602300191
556099654
172078059
677432840
676315949
675974343
640022027
405910483
588092032
298415838
433020871
212829297
05908024
523892562
616457626
189401084
590126497
660958071
266755285
311135554
484851316
637906154
469043343
245174108
670827081
533420562
669694441
519740531
656814884
593956266
407726331
212830627
431189280
535035283
212827772
181297324
179055619
667729848
669505689
468692103
286091765
407724626
672561765
593954290
673994761
653171662
632618428
173834550
448705478
284956616
477872701
611233046
530351373
523697445
242292994
582551356
484407172
599422743
550972727
536740300
546497028
579235073
257520487
662096401
266281428
611044663
407727483
298074720
586026639
254221641
673927969
221607747
237753563
297033706
166139267
503671707
654362163
304865082
465229368
37112801
579393952
467515614
500221337
430641179
563238098
672697911
628209801
302746792
332793313
37260202
620802594
545572607
180596828
610663879
605413984
231125266
271858107
482723211
480087526
606436500
484401819
560466025
484848775
349749495
321550488
583334167
286040000
483945670
626913944
479936700
154886273
254781677
489495672
405909058
276370466
595371438
491536251
405908377
641885038
626913938
239922603
469046773
620823394
232012597
85729712
569951526
297995515
477047942
645643903
608892453
484851573
09523444
270168051
265909442
605802632
340362384
616955882
443617995
189400948
662093915
602681494
238340930
344684516
240226630
407721504
259841792
488533848
173197297
488921806
230701899
295584920
174425701
361674609
537688891
528364948
602937649
638164361
168122042
510510040
528612578
244160616
237752639
522832777
563188053
484405781
484404297
636956861
573284341
530351583
614986981
537729010
610662205
244184450
298003461
226772215
230855809
630990189
241620540
36697001
632622145
556086271
670812657
185079584
641948341
286064673
666667310
448838064
617482916
229076193
482723205
610662182
641882021
305428970
36498901
469042776
5206708075
471932741
212829021
613818323
677407907
573262743
217380385
492591334
488964260
630651471
405909129
342155680
212829714
407725881
405910770
512370195
543719129
601568272
174518555
503226447
639456397
407726806
605803835
36498904
582930915
286040409
606439892
326980930
573233483
269218219
620823476
484854801
643516520
464882448
395103924
488353292
438323249
427958774
675518984
261613319
405963471
488354240
637122613
611044601
643434167
163289952
668066409
251266606
605786842
313665401
566568726
237049667
656314393
669516241
361696713
217469206
545575911
3616746094
273658520
637027676
206118405
227171222
626238194
470981202
373042000
256670559
497250299
267768793
231735485
463231341
589924647
182675007
152045151
295588212
407721573
593746962
578682633
536951026
352271240
534560762
11851644
597288442
356265092
189262840
484143620
605613333
405908421
513200208
646134501
284955261
236829868
597646741
231659914
559074317
405908425
468693365
246462766
407726721
5038701703
227162612
620823974
632052937
243556559
619219042
503397873
593954945
660811667
522311274
442258101
247606442
623118181
389805406
667764103
561399108
658712715
166140666
154885963
417683113
294599598
560046882
189108224
476844118
191031979
225695035
672475360
504458991
520670807
406020873
456991006
243593758
523747699
176124441
598855015
503882813
558847539
670952502
269218239
574157261
284841484
308465587
553616813
225397887
512941487
630653427
608556657
289985696
579147371
561958907
646135513
672773757
631517926
585476868
267328049
268014633
597510623
173197493
231102088
527641118
490484071
610662240
223310738
567307353
407725013
174744891
535517241
150201276
543469538
484850565
462660896
253333424
653042064
6305659574
556494848
640815221
364764843
4436128695
561980111
332394563
419795843
231500052
295404358
229224647
632147757
502554045
594660065
484402555
336396306
605782546
432330037
70168051
631147557
184542226
510041596
630653576
251265510
515995229
465256074
312437491
635823805
374371236
523771597
584916492
502270255
593956932
626238408
306968338
669784050
169620645
61118322
266860391
641922192
616539954
174123472
255198400
490328579
295034110
608714763
1755107805
479573190
30081503
506095677
484671282
273633326
218333133
677430795
602826825
469047643
298074813
91306110
510035752
407727200
491536080
589690745
585782991
595733092
519174073
583957006
607024755
264515933
407725463
593954984
639871748
508845020
405908436
664085554
264679691
550957717
449034450
484853882
212829530
429371687
407721773
189152791
504293749
596112202
417860971
508711470
585226803
626193068
613848953
405910736
546480330
603038645
511840929
570904431
541514849
229606212
450498069
281060818
473269362
536263032
352727300
545579376
167194777
636722317
484856411
630652807
504055789
239137664
260811839
03906150
613968742
579381599
407726659
673866790
637030381
625262399
320873710
352728142
459617204
484145603
247801482
413102783
223310229
336421339
563216285
588130147
618605912
173834551
249272171
36681105
524224001
492121817
264515970
591812842
488346347
182710763
417881503
469046604
669629328
469043155
568317028
171569863
597070365
500188411
594824860
548302026
568911182
506177720
170594524
269095161
4642129156
173836064
497469559
554298026
284753662
342857122
333869084
247202093
174123480
230810728
409398114
181297336
500843990
484810635
348103532
484856436
238340856
630653230
595735903
295584755
636573194
629327220
497489285
277363748
286042726
267338023
572613571
541940453
637906498
522387596
554298036
657560291
595651475
579661805
517075463
551659967
309424595
522369648
206118412
616590683
465131280
149508660
455255990
582367922
670814177
658296668
375070985
248717948
558036190
295291467
234738673
587845642
355148797
486880423
61674609
377642510
566949241
610662264
407722011
488251415
642155027
428810547
544118381
186660348
237049122
71100268
427984909
664348237
606447730
596502986
189262810
670952533
146650752
610663996
503829210
517446800
219263686
349763247
574157304
202408456
466967955
521110304
593107649
605940104
322833694
244969333
3616746092
626194098
166140586
6418837744
473448420
37048101
580956679
405908055
535934535
264681637
405910100
593955000
611044598
469751275
405908502
560080841
529043556
212828041
484400779
270078495
490536593
261608186
381275999
469047681
469046967
521825671
484854142
284750111
497470369
186573257
485876553
677663813
225394656
539891760
273634095
313195101
595736250
257563121
677369996
230792568
520378234
166139345
425900931
579705743
643663285
342090365
165790498
407727461
338613146
667950950
299332292
506096227
571049089
6530420646
289986740
653026182
407726707
231048223
619213906
475597502
269051209
405910792
202408491
429397509
593951958
479094433
576055212
343351730
596697015
268199121
287561472
628163251
244712230
230810646
394297571
569092920
593954557
504446624
560091509
627437829
19858165
483943983
491536221
573229809
484853394
298234565
223646256
670811276
593160227
640820472
516880364
569783856
230692140
244116360
269098303
539968932
405906407
148840831
593955004
661118322
465309814
230784194
492228104
486880560
405910844
230685614
184007482
479259947
469047629
542531700
407719719
241622802
484855368
587444933
569783621
610663185
554297189
636574438
484856536
646135022
519175927
522843893
166140693
299456052
611044690
539891730
405909963
174981449
578181596
585976837
595292827
601530359
483030325
484855028
407726196
152036353
637882848
163178367
536730670
556017548
264690027
561004646
445466439
244741643
217488260
613849156
264680608
273606039
478692458
602972028
655953508
409347607
661728708
641882786
543786890
610662452
497636711
563346528
226341152
559193191
407725069
468708671
584918039
178567156
661135617
484664567
538893488
551257539
503913480
469042964
472106432
563785673
484847627
372033929
307236800
405911480
624663622
223827402
616532096
605774557
301040819
620250941
482926445
676279696
479259108
281574010
478511004
387305126
545574685
595055149
405909189
312531632
405908361
635823666
623461407
536986695
613847861
308551959
212830862
503761069
540106596
241173483
563228745
237451865
557438951
595734177
176124571
24865327
271858226
528418258
457421256
478692638
668394968
311135472
405908929
627883273
74153740
225393992
620021860
651001540
222053966
669720708
626251468
605426461
513202899
514663500
290300634
574153732
610663022
484849347
669772218
568291301
376641639
324493467
646134682
626913943
557451921
237050180
523782663
626250488
541412248
607028976
2736618605
158254239
5886306776
599314965
196953345
555041360
496595353
610662601
562282186
600912149
166781836
635823691
189233108
270557327
533401999
546354327
484407183
485939986
539892296
578235654
503795950
478481789
630646456
540460318
302575206
323302569
626130909
496276887
266351167
284750284
561984003
663072546
484853527
560879615
385439149
495785925
478954342
41899608
282732955
596583394
545580293
625244410
674212916
323802663
468676817
593956612
440248470
162281522
483880867
663116444
322822840
144007212
484855232
269470120
653649584
177363242
536522231
347816937
535439723
559145055
484406790
306975597
520392947
645643896
537674978
482875385
212830891
529920784
595734777
484851281
265634345
258821488
268196394
469046387
225577262
469167834
176108067
618614331
593749004
358321457
630646440
605870019
539891629
530351511
520382096
554297055
602681466
250653622
554297094
668026931
512143643
297716520
484856446
275786651
536741020
475287213
475596622
608988127
6633566636
427840210
30781307
576200146
484850824
570986117
584929796
663003885
306359063
512941498
661898036
484600252
469042773
359572958
676279323
631209595
484846509
410224755
487736370
595734654
191807938
494030158
520378257
579815347
674803019
579050027
591452882
232068204
488249739
632117934
78506938
36521501
449034880
677372169
614866645
267355531
469045923
227163008
212831999
560834475
570787637
178570001
640815436
229911411
178572924
570808060
567230530
179561009
529973072
617023409
610664099
562805425
405908967
438001240
484512666
444482561
523785412
563238102
605781978
636830393
530351594
460858586
488420478
530703242
563776625
271717055
365061777
405910374
662092338
242290152
641903387
484407214
507069269
677357392
269385683
174323901
212828003
465320127
225974768
283059810
492872248
290400110
176380467
241767981
662100336
405906421
462672521
656728571
367383417
407727270
267350532
475735347
306571576
364455261
261589401
669719810
484853948
266463010
545570997
318484420
588491849
484852860
639458837
630657888
607432668
625262851
643495595
276411949
652147915
620818515
555581417
241514786
503870170
597602431
543475358
485925195
173423520
484853422
407720622
539203175
166140587
643444927
163178349
631067334
508844264
484856389
273640897
610663935
405908754
662100343
407727340
449171455
593952994
584070574
332394593
596521034
526730931
393502318
407725531
283060586
468686550
398603529
641948311
628029681
231596760
472166373
84850565
606648742
626223405
611044719
643177705
257549577
490392694
242276604
484146949
593099689
640817131
630657789
494800080
364494279
578682874
596513389
425425255
469048819
319956782
166279229
573277570
621212286
605772440
541899631
295101989
522358662
405963729
528677181
582086807
479092724
619311645
470124194
669670233
298773302
33658702
641948364
640320600
606446460
237048993
407721207
237049620
300624969
253098333
602300194
268196965
513203802
150921012
630641039
589722862
518721685
579800864
610662167
251666041
610735177
502210410
231564959
365847458
637119404
484664973
574808667
600095526
231392966
407727218
242278609
492310667
645068647
546082190
615342630
192597774
675491175
618127630
342605255
523754305
593954890
496256777
563216649
212828854
273606903
381309798
572254599
513200276
634018735
152046163
258821532
593222528
192066658
567251160
484854044
231173176
396115954
322834056
519164482
212829109
225396741
477845367
605787274
405906791
514714734
605788826
250068821
662124552
593044016
606446488
469048858
407726801
298074782
530352149
572210845
523889141
645005073
636579555
273604312
506948750
249271971
229701222
363155445
518792989
182707514
484855541
507205223
484856248
374427151
596502968
283059706
514035989
639460182
503013224
162281440
640818714
465224317
677422969
533104645
548781961
536424634
597677580
603745087
459687373
601014271
484855357
469044130
543718011
306571590
477385321
638422635
212830639
405908860
643629433
469043849
249644102
605788536
535517159
465437258
284841665
231677288
407720621
338651789
225458894
537652141
312204764
484144477
304479598
178570005
620479810
488354373
286043579
484402629
472576646
597254153
497646502
37027674
479259085
541473383
217379645
252424200
483841614
240085633
513201164
471092209
668126931
626683667
600126244
484751631
563213759
642846989
544889362
180735500
407722784
186573241
523893496
522805794
555037664
514045615
604181544
596604102
257548740
591460126
537661419
177363238
618611621
594855391
487727936
658325302
499925528
674477820
596403481
539891637
439723062
528097050
84849347
403163402
247617494
172541741
546661451
393326695
536493876
588630564
276372853
593954946
520379595
218333278
504235631
508711612
271209880
585242213
558671183
643041701
606726080
597544641
523026243
508453933
223312825
432518448
640815088
519186477
492239505
237049363
632531420
305427722
495973809
533104327
3145109926
612317373
409523704
497984439
512935009
340568583
558037604
524017787
662099306
677411279
461895195
606420930
515996760
592487219
607432183
283064478
225394711
436423849
363566059
518844177
437962252
491091541
596521931
667750225
405909012
637907057
677467475
296591553
226000110
511851644
539892150
654795804
225454489
358865115
573474811
606446470
519397914
610662550
512931090
594653505
472101936
612685944
596403484
601532849
405910875
610662551
296820151
456976430
578532075
173658153
405910726
467082556
664350077
670845237
595741871
484404471
579685376
212829073
597019412
3616746095
496270386
546497017
519364126
519858165
163291447
526733971
267723110
637678304
242229887
154376691
536946541
589095559
642573711
640816183
534452780
642715880
227173267
273616736
178567626
579674933
469968897
468708686
670827641
605742257
344071872
582767351
466082274
496169665
283209670
540246307
641924861
319230749
407721255
578061347
5632137594
484851356
484853818
586758618
597854893
484847521
432532361
241511706
469048227
227163239
212830897
670827146
578210012
669137733
297523343
523511006
542846719
37113101
244234008
554298099
570774543
539891726
250037274
422086853
595737144
95732939
183591155
405908601
596521437
194132524
614701435
405908733
670842565
574173149
286066375
492871629
594159803
606723199
543473948
664358664
501018186
249517541
483018730
639427735
181068846
178378802
485939993
227162685
407727306
621209366
545577677
584547644
484855083
276375545
539892292
185378463
579337525
290815098
545579300
594158806
237752585
147060897
593955023
58826251
323893248
570556282
440665249
589138030
513200518
561104449
252435829
529905766
463241716
513203721
456977911
580963349
623807639
174981355
308040276
620023486
498791179
219790264
171569851
205828623
486884435
405910034
566936737
630651473
309472780
572500734
666761023
610527780
277701926
512941461
658310874
593954938
637027674
574173153
568549643
407724789
224719058
649030182
648933581
611231209
655896334
258862571
407727154
544984888
587444921
627633449
324849997
586121169
602300376
600713546
286064372
484855309
236944334
250924406
578493881
229346674
573294657
405907786
666891856
532984345
524031881
631940018
464882620
496256504
484851113
593093901
601014283
496169652
418929425
484849323
281060898
469047536
500210981
605777964
405908964
512934942
283064667
469042541
356265223
657246837
298074763
302523393
178567485
405964268
484856404
298739032
535988918
641862878
175703683
247202174
407021194
484406618
404503780
407724573
587157727
528412935
484850795
643896011
292175148
389805625
574178076
246462089
258503058
570190496
528428155
667638542
273648102
602301202
268193708
595731567
52517292
273628327
510508781
554052317
533104458
405911141
20389192
596666477
376645602
5208582825
641883774
382837335
641948371
611044658
469096813
212831228
412620229
561358249
505383061
259230722
484850773
225458605
61696713
537728958
617695886
641688781
527690097
571155560
178562962
403565712
545577389
605166696
662089192
247630358
212831319
540104005
676279639
259204766
484849673
574810882
405892503
661136141
263180807
583440636
263066835
620573427
595648757
518794648
674675215
576630068
595734474
642441210
484849482
439087623
273949518
173423473
181297357
211091441
163282882
212828902
231500089
602300286
644786257
583151636
538275855
656817639
677730839
539891616
469045102
178141612
606420953
469046701
510506850
547004873
212828129
562781589
324633675
405909822
510815421
405908706
281060855
464846411
289986378
391263690
322945593
667141423
574162365
633166572
618061313
645643901
469043134
610663282
546523454
600658614
637670894
511910656
522844195
484402037
07719761
452472444
176951944
257498487
148840838
163286588
569951637
267325759
610663982
407726003
418969805
241153095
407723969
479260298
636729147
405907717
225394315
271858375
595736194
484852629
545574507
407726814
561966604
664673696
230842287
327100658
561108018
479130183
407723200
663072339
273660204
503222599
468708775
492363808
456978273
484849699
405910108
224733309
185657885
602910444
286088016
407726678
599060639
324623365
435990959
631528067
614883781
539891550
596496563
668263987
264440333
667057306
643897333
598696832
595736261
677465208
593216468
518788105
616442228
632598646
407726682
523892925
667751727
233535811
496933637
574284759
513036124
548943154
528454939
504003295
231173174
273602589
217379676
573796936
522844164
448422200
484853874
626194069
579097420
628502023
148822362
269929551
536758084
564144946
677405159
653028600
172050767
620022498
283060849
661135786
606647526
512934972
212830530
626129261
340361747
305432933
6394272386
201655403
639520399
588632932
639417912
513201593
203701706
237049227
149343726
464177401
567247478
437586847
519070581
212830117
521167913
563220200
469046366
484144441
266233872
481681171
639460173
181297337
550794867
636718532
488355746
264683945
469077520
599010783
510830728
593951946
530059276
479949978
260884717
501610912
166135987
541553117
247721318
615346310
539898651
239792941
189394636
309794084
585861907
666550117
185104235
655780870
469042212
252422029
627580494
488348086
405908352
595733635
593226950
298243467
225754686
557745415
400352277
666889553
456991030
484885313
5398922966
594870931
659819781
273661653
656704152
284750266
619265992
639682003
504745337
449007127
335593831
663673175
616993859
569951646
501657081
175510780
518331289
326980928
643436327
478596696
313636941
445592924
439722806
573277509
559193199
249742115
496270368
07726385
540443344
555550945
522991070
342874958
184411375
610662256
229347425
584580375
597543902
640814765
469043624
503228572
540101480
441322417
356043882
177545468
630565957
593951241
615372788
484856531
180412386
172819954
593951421
152035875
496276875
300745097
646505819
220415619
566568729
605368921
273640904
484404292
277592053
674548655
166140607
664001535
275684133
555998959
664367854
405909052
645643907
554297551
173197333
484852869
484407399
405909609
407720632
469043160
304584392
242235744
175510298
524266882
338632741
606441662
677682555
212829522
554297550
669524484
281804357
212828133
539891948
600126467
177607450
502893470
273614117
605785783
611044584
251872351
469049066
176560364
234727313
601477995
666004213
279582554
242182989
35823812
217471410
411758235
578523933
451681558
225394325
662092337
636729165
415126814
169691958
550997321
178567632
484856374
260225087
611209078
405908293
595733611
587444979
500845883
610662339
221936536
229703361
574164057
469077525
267325719
672698294
172819964
484852241
605773299
229345308
528111692
669712944
36521506
619213910
515528440
568288155
405911107
283061966
242182986
478692514
485989682
636574381
529310117
266137270
267788340
643433388
326122561
494921522
615407646
271711228
484848815
300632675
174981499
475092121
407726321
484406235
365066691
536457056
360644091
484145580
641100718
443620134
573229787
429035354
357756365
468687404
503722930
337483938
283065918
574158466
352728079
405911088
625248050
497640238
490328494
585692099
484849841
593919965
621206072
643444298
488354084
212829725
273611827
484850995
261583748
283061160
273443165
626129767
611044599
263180804
185454638
189262831
570251639
239121731
450358070
256670615
148840845
507305665
298253911
543468907
284750320
627631806
301040992
545572738
629005651
663928756
502159871
439722894
364455761
468661269
234738781
530352198
309119149
616541205
595327849
600840294
574804462
656371945
244741444
405910056
478952233
571198679
259564273
460884489
611044590
670808987
484407662
616549410
626206463
358801460
225395760
519198457
6633566634
589489475
488354319
342965026
247539607
407727179
275221647
619228339
293306022
472461073
664317317
407725546
407725558
600107666
573270628
502539883
477874136
247605132
273611814
467388880
540212307
272427419
654624824
554297783
668274493
405908635
547528692
473304655
415355561
596403205
676274292
623113113
407398083
355136941
2400856334
405910623
503228470
429371218
224865044
614851499
405909488
390841860
294599052
171699188
598864116
644768685
545580270
513925261
595741562
601014297
519735513
179894787
409523130
273627878
540212272
503821694
284955332
567248410
229911634
407721370
6633566632
407726306
484852711
536089619
469043083
512936138
244741421
254221687
602684132
269093339
677434273
651053021
196629097
630653263
641948315
244712505
677364583
628497740
150201043
469047677
469046503
677421052
241772422
676207878
296647699
306358520
289739314
545578599
306700230
513923641
596506543
525321973
476534957
463240209
536522415
309068813
482023599
579098614
632620480
212831930
96115954
663342450
631216221
669700607
519173159
185454615
507020937
560080412
254739645
229892725
570505927
266797331
492241569
258980854
572711978
360780650
263066476
634429702
264444118
667114917
667522043
670820835
308544342
623278752
614392487
174981473
611044587
229911244
590124714
601014295
511842692
364403449
298231285
606446454
484849356
484402377
587444511
469043303
251265561
328570517
273645761
297531814
405911100
479132391
324630984
239121781
484856329
212829087
533104328
513201292
589068516
634018747
163291379
283061801
294114723
525320689
149343738
225395600
603712975
673995862
588199660
163282874
23798517
522369425
440333937
37236204
484402231
618672585
4279533573
562788482
440897533
469048218
593952445
155318478
540102055
535015470
469048867
244091233
598631031
640816175
514480746
218331756
437313517
371100574
260896742
630651431
587444536
173217119
535517165
631706170
513923251
310717353
475736465
425469906
212830176
07788217
595734411
208256012
85939993
596553745
218283412
513202734
673993186
234738512
596666522
478691965
539891762
279458721
533387204
539892136
174323904
262304318
522389016
493882686
615562265
271209900
498365406
450341868
488359007
267765212
484406650
475523555
536261244
405908832
197398462
404959233
512931602
166140686
184177584
269077925
669522567
607431138
521538179
519734735
273628621
584082976
427874237
508585709
212831267
261578026
512935572
173834559
308188696
595739352
179055589
179055599
352728295
264702759
484851776
313011416
295585997
326339341
622525812
494720801
182710755
478940073
603785523
469945987
586758642
501360915
611044677
298074690
677430891
537665942
664715162
598996099
513202871
600007702
675857676
611596416
325175137
597603442
558671235
265410948
594991666
174339065
479259109
276483938
463220768
613714931
593951949
605940108
152107543
476947725
613978074
484856266
676002899